100 10
Task Set : 1
16 0.2454528621116866
7 0.1378744054964225
8 0.17321160163488425
7 0.14130799804576166
14 0.003249890584425319
19 0.03426447240040059
18 0.03740551163551534
13 0.136076889863883
7 0.05030637867757123
15 0.0408499895494495
Task Set : 2
14 0.22421764309462308
15 0.01116251514466593
16 0.06213633871976254
2 0.057673967434435314
15 0.12836261652769287
19 0.26073948579458395
7 0.0033428534249148045
14 0.11725179266399324
14 0.020445099720582977
10 0.11466768747474525
Task Set : 3
19 0.2094576062805732
5 0.014076263200969441
5 0.08973504092653861
2 0.24330992219344794
16 0.03359414582105663
8 0.10288034952158093
11 0.13805580821626465
7 0.07398180642766954
12 0.0013376919926357256
14 0.09357136541926334
Task Set : 4
3 0.14173935960681705
2 0.14636564817116549
2 0.2108427829416316
6 0.07816829005662168
2 0.030606709275732336
15 0.12797803407689223
14 0.027758298670378684
19 0.007404101912946659
13 0.1325563507592253
9 0.09658042452858895
Task Set : 5
20 0.0574466072472406
18 0.019769256312435424
5 0.10181052631797638
6 0.049830265719493116
19 0.0717731457730173
17 0.05675201719185474
10 0.3840518098009358
9 0.022188217851906722
8 0.06557540010938137
15 0.17080275367575856
Task Set : 6
14 0.11499487443318912
13 0.12183072911228665
8 0.05031291103854629
17 0.0216311174335021
19 0.3235597177684991
20 0.11492598013627409
12 0.08158983324572569
17 0.05213965195320411
3 0.056323967636916474
15 0.06269121724185635
Task Set : 7
20 0.04370082780207163
12 0.2277067905341752
7 0.03020097598819438
16 0.1686313765573635
5 0.014434188245855184
20 0.26789671830485173
20 0.042430449958479305
13 0.07213171911775662
2 0.015687857454938725
17 0.11717909603631377
Task Set : 8
5 0.03857485321131937
16 0.15014722932553715
8 0.21661275300421323
12 0.17122838632668155
19 0.08901537487941596
8 0.004156029241231429
10 0.09164550194159016
13 0.08323602993033408
13 0.03142352452788745
19 0.12396031761178965
Task Set : 9
3 0.11812450205017799
9 0.0008421762155412793
20 0.10708363688364997
7 0.35693186204503535
19 0.1055698924357276
20 0.008931704765876014
10 0.1018125453275801
6 0.012251846230542485
15 0.09427875382258298
14 0.0941730802232862
Task Set : 10
7 0.00040176493265153823
18 0.10749081966169749
17 0.059960904607003984
7 0.2718739497291496
2 0.048621690788468785
5 0.025019363249633053
17 0.045696586673976025
10 0.16638930498041016
10 0.2566753298123511
3 0.01787028556465833
Task Set : 11
10 0.1085870798924935
16 0.07001976616713845
5 0.2073433978906234
20 0.03828978572262276
19 0.18478564174665274
14 0.012817409332081142
9 0.02701309043361788
2 0.018271395874766616
16 0.17602131197238166
19 0.15685112096762185
Task Set : 12
13 0.07367097283648827
3 0.10088163206970036
5 0.030722889554692046
6 0.0680624319346298
20 0.18312005458144542
9 0.035563147739557266
11 0.23652255128340255
2 0.07803467168957867
13 0.0765164577752283
4 0.11690519053527733
Task Set : 13
12 0.22941781351569068
13 0.14527853389366785
10 0.016492135035058975
9 0.3209076173441963
8 0.016988824149712922
3 0.10960526751092776
13 0.00508849281491397
20 0.06754040936371136
3 0.06237429788569901
13 0.02630660848642113
Task Set : 14
9 0.1741387222620734
9 0.10367565534092948
17 0.3111850554512204
17 0.004582497999526425
6 0.005046515874013557
9 0.20480173789402134
6 0.057415638471132235
12 0.0944165758431415
8 0.00426394112701356
8 0.040473659736928125
Task Set : 15
16 0.036694432813280664
13 0.07296660496696672
16 0.11579387231785165
18 0.0014260240909634847
10 0.02126002836611207
15 0.12460670775584091
18 0.011280564669892246
11 0.5231849968933369
14 0.0540334309486706
9 0.03875333717708474
Task Set : 16
9 0.35569884778642846
20 0.0019244680503035516
11 0.09421777125540554
18 0.04717950108799296
10 0.31925300666133194
2 0.039311350768264586
2 0.006116440785673499
2 0.056486381282709774
10 0.02946066884083707
8 0.050351563481052596
Task Set : 17
4 0.06944012345906903
3 0.276126713932331
15 0.10701519292344143
18 0.0954649919351459
5 0.05445240577164412
14 0.06094548156850338
11 0.08785841452628429
17 0.19607799902867093
15 0.017612870740260946
20 0.03500580611464898
Task Set : 18
19 0.0027746404104931344
12 0.03634053954718808
5 0.16297184252295682
5 0.0360278577169566
4 0.08008418373886772
3 0.11740707993404198
7 0.1953036490134788
12 0.0727234730410613
11 0.25361523240075784
18 0.042751501674197716
Task Set : 19
19 0.03688981054378904
9 0.3466604759280596
14 0.009853488498270169
15 0.06579560987542177
13 0.0872844367439467
9 0.1547403259335145
7 0.05619226351498915
16 0.01483270165054984
9 0.12955217836016703
11 0.09819870895129221
Task Set : 20
6 0.0028509769683959796
15 0.1184687874722119
2 0.018574263128586677
7 0.15396556604957098
7 0.04929493594663026
16 0.033483661178503765
6 0.013645155146554289
4 0.17908370246076222
11 0.4028451951392466
10 0.02778775650953728
Task Set : 21
19 0.013814504017166107
16 0.04754850061121574
14 0.18803397600982885
3 0.013308711504845139
6 0.06686665914672985
9 0.1921284058242984
15 0.13169884569959578
9 0.16236449537357447
14 0.10920174506964571
8 0.07503415674309995
Task Set : 22
8 0.23775480071392763
13 0.3024186794629651
19 0.023131359100104443
10 0.04950115906099978
10 0.15792099464790896
5 0.04417135618204038
18 0.06547015588698628
13 0.005823041882043953
5 0.02649245370177053
13 0.08731599936125298
Task Set : 23
2 0.055432373120337775
3 0.015092609341288754
17 0.2666675598716466
6 0.028282371139433105
5 0.4503904478506522
10 0.012285158234989546
2 0.004574206672165737
15 0.030122165379556032
17 0.12459086525146319
2 0.012562243138467053
Task Set : 24
3 0.012333472933426015
15 0.11702721749201883
20 0.25298567901335
3 0.05407936935039104
12 0.024747888105148275
19 0.11532341639300588
9 0.03170613605012296
4 0.11593810106798469
15 0.15242570295452657
11 0.12343301664002575
Task Set : 25
19 0.017966648676859265
7 0.0893935612023804
20 0.007342785895291248
3 0.04030945566755184
13 0.0627262592055875
9 0.053961487474695646
7 0.2935125132121924
2 0.004618054709342012
2 0.335739227767546
18 0.09443000618855367
Task Set : 26
10 0.1399042238250212
6 0.019993424846091346
4 0.01590818427509244
19 0.057120755860681764
19 0.15392992167244424
13 0.10235618927091306
6 0.13256946760360022
18 0.0013931493529713013
6 0.12770299631393842
7 0.249121686979246
Task Set : 27
2 0.11913632524035833
15 0.05497160654820765
9 0.25174286369425436
2 0.001023810371563405
5 0.008154519968403773
5 0.03678022198132602
2 0.33389709590554145
13 0.09500660591186064
2 0.0731839210774059
8 0.02610302930107846
Task Set : 28
2 0.0061515340389523
15 0.028834395894170806
2 0.06533528962921198
13 0.16917927581753556
2 0.17946208472432346
14 0.2841185746898863
19 0.1300703796336957
9 0.06301893642554435
17 0.06876253685713374
18 0.0050669922895457955
Task Set : 29
15 0.09525762927859617
3 0.0770252939177476
5 0.07190334815240695
7 0.1837302691695588
19 0.1223878488011696
2 0.02771322842162882
14 0.03272763220122937
4 0.10142911045202974
12 0.00044020209359640905
15 0.28738543751203655
Task Set : 30
19 0.3595433602406124
7 0.08049653711808624
10 0.03835235514820157
10 0.04446977678336894
2 0.08193418359252091
18 0.011209392218348546
11 0.1867683879542126
20 0.04866192791455548
10 0.003602466815953248
19 0.14496161221414006
Task Set : 31
11 0.02277491045845592
10 0.04662383080356214
18 0.12225527521441393
10 0.037787654264463955
3 0.06305612962669815
6 0.029903257896730984
5 0.29469419146591136
10 0.2733033895562961
18 0.008506637247612317
12 0.10109472346585517
Task Set : 32
10 0.0571484797101236
17 0.09964339817554024
2 0.039457208834567825
8 0.2193100997309696
3 0.09259151449444525
9 0.10431214565916064
6 0.24554435983742265
5 0.0786909594434353
7 0.024610130510820748
4 0.03869170360351413
Task Set : 33
8 0.01680807524529726
7 0.27339242664599195
10 0.04197046047344233
2 0.011352392157197522
5 0.00977557094002024
8 0.07270873398966926
20 0.10449066324904677
5 0.2241783637958429
15 0.0751799044915574
3 0.1701434090119344
Task Set : 34
9 0.005068501068552722
2 0.36045462457096333
11 0.09132829547066633
7 0.016650181846904255
3 0.06385694754672855
10 0.08757611218844613
11 0.0459642626753965
17 0.11680251639034825
16 0.1643169463891695
6 0.04798161185282442
Task Set : 35
12 0.16718660281332476
2 0.11818685251231753
14 0.11774235556887858
2 0.029428290169303484
11 0.09752834710641994
16 0.030050280717965006
14 0.10841281707958905
9 0.09379657864767871
16 0.15311106685878068
4 0.08455680852574225
Task Set : 36
17 0.06865945444157684
6 0.07243227664419094
8 0.061959092889484424
10 0.02981592314146375
12 0.13670716564297314
3 0.1424081962947783
6 0.1154657915659793
19 0.00023559779667192693
10 0.13286441128211243
5 0.23945209030076894
Task Set : 37
3 0.044674812559762245
7 0.13484258409291094
10 0.01770166648132554
5 0.06093306730156156
20 0.10097037927592889
2 0.06283826373298318
11 0.018885476164642423
17 0.11644334194042022
14 0.17320751509070176
5 0.26950289335976324
Task Set : 38
17 0.010836010118121409
9 0.08123908087405207
10 0.17718636041834168
4 0.018268466664196792
18 0.08365862932202706
18 0.042972841792747185
2 0.005824945668414072
18 0.15603083111329474
16 0.08874302586753313
5 0.33523980816127186
Task Set : 39
8 0.05847110098124331
9 0.0761556332588823
16 0.0618173565047373
17 0.08496911902142168
8 0.054861299067512026
17 0.14476024539511645
4 0.12854697499643097
14 0.010434926075693685
4 0.05596906972204002
2 0.32401427497692226
Task Set : 40
11 0.1083573952973317
9 0.0038826074195296156
16 0.03203598734891211
10 0.15686788548391584
14 0.20403026144849687
9 0.2265824891761247
6 0.07857644294595909
6 0.040180978251026844
13 0.11816184508043856
9 0.031324107548264646
Task Set : 41
18 0.017402711106687896
5 0.04419279882743199
2 0.07317303387496543
17 0.22613358373329318
9 0.21170398528160245
7 0.09885052139757929
15 0.0027480313551400126
15 0.23855239912963752
18 0.0754120634715322
10 0.011830871822130053
Task Set : 42
18 0.008172830797573583
7 0.007610305955512708
11 0.04977926351692685
2 0.09083820186359992
18 0.20735403209273828
14 0.013110088572506173
18 0.17798114551712724
8 0.1824225806705202
17 0.25745264256789196
2 0.005278908445603063
Task Set : 43
2 0.2397232765756545
13 0.02751136733214876
12 0.3037476525330134
6 0.0064666616801497545
17 0.0042052431919371025
14 0.017679733274019893
18 0.012266605294724287
19 0.03353896138524376
11 0.24518389358261647
9 0.10967660515049205
Task Set : 44
16 0.06930710842061294
4 0.22763161746699156
13 0.24243878290342702
3 0.03638464118605672
5 0.13093914066758922
9 0.1059983669063258
9 0.010212557513248482
16 0.14420057555316748
14 0.008992247715109517
2 0.023894961667471265
Task Set : 45
13 0.01256901794017451
8 0.06132380140010585
3 0.24072339687826483
8 0.13507727408334003
18 0.1958141996317248
15 0.016814213503063113
6 0.12626499759745946
5 0.0824667673706721
5 0.10676012219983902
6 0.02218620939535629
Task Set : 46
9 0.05758194060934474
4 0.07600401524922829
20 0.01501481437466623
15 0.20063402771134575
8 0.03585650043601896
16 0.17841804029347036
16 0.008351537452155167
9 0.1751087815976743
13 0.19109320580675287
18 0.061937136469343367
Task Set : 47
8 0.08584104593165576
3 0.07907426031951503
4 0.04474930525848997
10 0.0756454146208273
16 0.021711654685417026
6 0.1754953424545077
10 0.04291869589574415
18 0.13249475536446742
12 0.28493829579516294
4 0.05713122967421272
Task Set : 48
12 0.3269367022108165
12 0.03635004733670599
7 0.2749986287007585
20 0.02387354836117428
20 0.14173408996763628
8 0.04444588218391618
19 0.039540086750553274
6 0.02557223062683485
7 0.007293861268502427
5 0.07925492259310174
Task Set : 49
17 0.048134341965577754
8 0.04025171779243242
19 0.03893662473600412
8 0.4732555811535313
12 0.17285896557820146
6 0.025814989403675326
18 0.057345821195448704
17 0.04067484055663531
8 0.05144931512612507
2 0.05127780249236855
Task Set : 50
10 0.058232698388084314
8 0.21344310164660873
20 0.06827725141781571
3 0.08784357139091936
4 0.012372000055387078
18 0.0037884737167207527
11 0.13035356692089622
5 0.0768325827129781
8 0.07937543585472401
11 0.2694813178958657
Task Set : 51
8 0.14678787235285762
11 0.03604591485595865
4 0.03821856059913298
5 0.04142580906495741
12 0.18851148309445642
8 0.06457265322805916
2 0.43027834260728043
9 0.041224225657206626
15 0.004834305692934903
16 0.008100832847155825
Task Set : 52
16 0.3526730179144226
12 0.0008330848226295595
16 0.16887449459792286
19 0.15316261286784416
9 0.041081255144957196
15 0.0076517190864374696
7 0.05640593073513239
14 0.09958832722908835
13 0.031922509928703866
9 0.08780704767286152
Task Set : 53
9 0.11051533770583033
18 0.21549113980500834
5 0.05022972642147816
12 0.0064827024148421675
5 0.16925288638464708
17 0.00511515454546646
15 0.027074664132890836
12 0.17474006847699666
19 0.12105868156576412
3 0.12003963854707585
Task Set : 54
5 0.013644850127998764
6 0.1833043376348863
6 0.18301635577174669
11 0.02824575919123229
3 0.10089753789267197
15 0.15102709281824528
18 0.11393576516401488
2 0.05019662476432771
19 0.004765033834108895
18 0.17096664280076723
Task Set : 55
8 0.1234685263446299
14 0.29110649381393505
14 0.07265646507287404
2 0.014020027325857998
15 0.09471309766751629
14 0.1396785350384397
6 0.0025104234382207213
17 0.0601763585893916
13 0.04884591967417018
7 0.15282415303496452
Task Set : 56
15 0.0062541329118215305
12 0.2080750302333474
14 0.12548090545991597
12 0.08717971578948591
8 0.14370947117788657
19 0.14274784931800816
15 0.1530741423992825
14 0.006300182908033608
14 0.015247096649081554
15 0.11193147315313677
Task Set : 57
11 0.10810928685141019
9 0.09258752191616548
3 0.34796487697728723
17 0.018064560788088713
10 0.01709881298884164
13 0.008828961494566356
9 0.14220792626066509
16 0.10886188765309976
18 0.14317104352861595
17 0.013105121541259528
Task Set : 58
9 0.01806312614821526
15 0.010815108016481667
2 0.15689511381209498
14 0.08142790350334828
9 0.22189141043638871
11 0.12168437537550741
20 0.005644830038318227
7 0.19019733801781827
11 0.06779389574221498
10 0.12558689890961222
Task Set : 59
20 0.0776230235737404
9 0.11694935427614639
14 0.06453894329664
9 0.00437883112638382
15 0.0987509606323893
9 0.10242732232632024
15 0.15658555008499547
9 0.33118017628116747
2 0.00033094294154072806
8 0.04723489546067616
Task Set : 60
6 0.21180994535158926
4 0.08318147398010256
16 0.273203482114958
10 0.012426642775498653
8 0.020142194535170355
6 0.1103946030767477
3 0.07663909313181816
8 0.060154338997526924
4 0.004845387044566829
15 0.14720283899202158
Task Set : 61
7 0.04530615163685492
19 0.004268713957512493
16 0.014534147841454348
17 0.024049536786177605
20 0.13055158506716125
14 0.053538184782099485
11 0.07488944693389066
3 0.11592046082562313
9 0.08810085101354015
3 0.4488409211556859
Task Set : 62
4 0.21398635929469179
19 0.000546878181618693
13 0.19441268536882747
18 0.057133004897237494
14 0.004288481454576942
8 0.062451371264783895
18 0.013695938837373467
7 0.287069014745231
20 0.04542052083188586
11 0.12099574512377337
Task Set : 63
3 0.13365776266154006
17 0.3640052555102824
11 0.04624095616108215
14 0.02563120881607811
9 0.010273597743130802
18 0.005229172816283656
8 0.21628590489146826
3 0.037056935883883035
16 0.04813994976045066
18 0.11347925575580087
Task Set : 64
10 0.23383049112931165
19 0.00010240409943018669
18 0.10806668966949984
9 0.11822263232648512
4 0.08617864713073092
5 0.0864447990617595
15 0.049490244702547655
3 0.1975067287776483
12 0.08825178021192288
12 0.031905582890663975
Task Set : 65
3 0.19866643600762357
20 0.008421020406119029
7 0.02898591646275761
2 0.053974480765479615
19 0.10593947867737141
5 0.030015775470720207
8 0.1607309479377984
9 0.015706391651827856
15 0.03935049944741753
4 0.35820905317288476
Task Set : 66
18 0.16400637215424507
11 0.034906956655868404
15 0.02818775376724969
14 0.08100587923515634
14 0.06754080832095
13 0.06131208431255042
18 0.3695125995209515
2 0.1467456304426386
10 0.04630611026554055
2 0.00047580532484940816
Task Set : 67
9 0.1381973901811645
16 0.13564993778566126
4 0.1637785302903455
20 0.04661807571825971
6 0.25409188834388435
11 0.1017482354584176
16 0.002994921446742016
18 0.007030245781879024
14 0.011538751666045205
9 0.13835202332760083
Task Set : 68
8 0.008654424318155884
8 0.02687508345750833
9 0.1327959956038297
7 0.0486712118131325
16 0.20026324678505314
13 0.05445548102174047
2 0.18220607854958965
17 0.05682269892712294
9 0.20540125151011523
6 0.08385452801375215
Task Set : 69
12 0.24192895529294745
5 0.03882976158242446
10 0.17106011683879585
17 0.06411873964051723
19 0.1067856891669613
2 0.018550322747408365
19 0.0013069105799742853
18 0.06655700647926743
4 0.03684668509145983
7 0.2540158125802438
Task Set : 70
8 0.07603182698785005
18 0.021355273018681564
19 0.03557013377989582
4 0.11756148339015948
4 0.3758605833387777
7 0.20947727398324317
3 0.01892837770809072
15 0.08141160712619218
3 0.028571012118189645
4 0.03523242854891967
Task Set : 71
7 0.019796064022104654
18 0.1302344436494327
18 0.17114414241402587
13 0.06278213628708595
11 0.14327377301689526
14 0.09433631623913319
13 0.14394153847238042
11 0.009042533454408641
19 0.1522112760759292
7 0.07323777636860411
Task Set : 72
10 0.28234524456897425
16 0.04963793065787592
8 0.004969784680008527
12 0.2129728167886679
14 0.04767442620773299
10 0.08908618398632973
11 0.057964582702471734
4 0.018442082718323732
3 0.08977158029842819
7 0.14713536739118702
Task Set : 73
6 0.03606207797487104
5 0.006725936787525089
10 0.17834747543301477
8 0.021130979788456017
15 0.0008078771507805671
12 0.022276087939589684
20 0.12058651560346889
16 0.19000509885661476
13 0.10383366489439316
13 0.320224285571286
Task Set : 74
3 0.19649613354331952
13 0.0037926648712726108
17 0.005611912834185606
12 0.12234561400778632
3 0.36219165933308456
16 0.0015155581873886326
13 0.017910755044546367
9 0.16193742904488145
15 0.10391737058571968
19 0.024280902547815255
Task Set : 75
2 0.15798455087463714
17 0.1007151679472118
6 0.03550751136500607
7 0.06351543666255288
19 0.20352309642447386
5 0.0032633587430511146
19 0.2752813462818624
3 0.11010634778941773
6 0.013493918635798158
3 0.0366092652759888
Task Set : 76
19 0.17399860512966991
5 0.13843883526468104
17 0.2046832412037325
12 0.03978348909441204
7 0.009742774993255487
13 0.032830608779128856
18 0.09034101376702397
20 0.07237212333557447
5 0.0927333995013882
17 0.14507590893113353
Task Set : 77
14 0.10438514674712263
16 0.26313095539785214
20 0.08480859315288569
9 0.15087175167229427
2 0.0023868113462356955
3 0.1514147578417503
19 0.004488237171001691
18 0.017127027151093627
15 0.1537867885349114
14 0.06759993098485258
Task Set : 78
12 0.21959645286100737
2 0.0053942291560357125
20 0.010720636687360008
12 0.027584356464389392
10 0.440900528393532
20 0.03156820217014983
16 0.006444173469106584
10 0.15190906408043353
11 0.02346093078267493
5 0.08242142593531063
Task Set : 79
7 0.1074392227933435
5 0.034733770286133336
10 0.04822238817706381
13 0.004164839421541555
6 0.3542800442597766
10 0.02921350536339784
8 0.2806909537571267
10 0.006120052187242708
15 0.07394017957219923
2 0.06119504418217466
Task Set : 80
14 0.21819826531749076
7 0.14361273911191752
17 0.027938053288530496
9 0.02928964162784009
3 0.2793777971884855
11 0.021286330143033882
11 0.23183654946587098
11 0.0004124391908163008
2 0.02851597686087071
17 0.019532207805143743
Task Set : 81
8 0.012712778327511165
20 0.2748634638260494
18 0.05458983152745378
5 0.01347467861859808
17 0.0038782543382512857
11 0.017457942100498336
13 0.08664449657339492
4 0.06285735819329591
6 0.38478867168053754
5 0.08873252481440955
Task Set : 82
14 0.043459399782321384
15 0.17071507338778913
17 0.16939156780324338
9 0.11308940949899915
7 0.021188007099826878
5 0.06500223000415084
10 0.040144127194099155
19 0.18373070581301043
7 0.16422594752009578
14 0.02905353189646387
Task Set : 83
3 0.09453614702048341
16 0.12284422936225403
3 0.03488027478056255
5 0.08968265608539816
19 0.4009119454966462
15 0.020678864922005213
8 0.019033682260504392
2 0.08279868479500374
5 0.05979889185061932
5 0.07483462342652297
Task Set : 84
8 0.10406970173584817
13 0.07572470458037861
14 0.16057869178208972
4 0.03567828606717394
8 0.1690205631672585
12 0.16042609166638688
11 0.05465203323483833
6 0.13304914798821454
4 0.06912070190740209
12 0.03768007787040922
Task Set : 85
6 0.00178815412322475
9 0.37698830396868377
7 0.06316499536901798
7 0.023856606600423436
20 0.04273599675016687
18 0.11905679428645764
10 0.010425694743021796
7 0.08247853085312229
6 0.18454070160703154
20 0.09496422169884991
Task Set : 86
2 0.008064743177759848
12 0.016072556144133943
11 0.002649497216498986
18 0.014626971933365152
14 0.14844550194697423
20 0.0007217338558458408
2 0.13566598000019003
9 0.22585875260059218
19 0.32339434718699356
2 0.12449991593764619
Task Set : 87
7 0.06471522915334771
7 0.07997529677481663
15 0.2575597272682997
6 0.04234732926115414
8 0.05214885904608413
16 0.18611664132836625
9 0.0783814538273212
18 0.17752862732575303
18 0.047192622494360535
14 0.014034213520496703
Task Set : 88
16 0.004565426038445897
16 0.00493504989901683
20 0.004062351764904215
3 0.1447804008260053
10 0.383813292207963
6 0.043893994270183645
9 0.07695124505769951
8 0.04798813175378125
17 0.0844518164869989
6 0.20455829169500142
Task Set : 89
18 0.03467873642392849
18 0.15624984832806255
8 0.12350362211697452
18 0.10473402750614447
10 0.049267475157275586
9 0.14903748039042392
16 0.09294867038770122
4 0.12410119370728795
9 0.09463591412857583
4 0.07084303185362548
Task Set : 90
7 0.32696338944212855
5 0.027369911408837266
2 0.28678636379338174
8 0.09776485138206459
13 0.11295531958602198
6 0.010283580117338126
17 0.009420085166503528
18 0.08404075556310725
16 0.024318587474882355
13 0.020097156065734628
Task Set : 91
20 0.01944288735342037
13 0.04856182818313215
9 0.17485012106906894
10 0.013154283706444114
12 0.047036850901015836
9 0.1824526923330836
17 0.042950288526996394
2 0.11085362571527962
15 0.3327631539298669
14 0.02793426828169209
Task Set : 92
2 0.05041981453274336
4 0.004744076290619237
18 0.34475380034945824
7 0.23419441162478702
19 0.021302102159210023
11 0.1284036095461794
12 0.028814078541803595
4 0.008599087288312685
2 0.023312472626726644
14 0.15545654704015974
Task Set : 93
15 0.048180820045302
19 0.006819641709165047
2 0.002059525342781754
15 0.01346185565636171
5 0.03163143049420403
9 0.29195481041920224
17 0.3390968648680301
12 0.021822007800260335
13 0.046310180404138285
4 0.19866286326055452
Task Set : 94
19 0.10430896088386299
6 0.07453502784464738
14 0.10169723633368599
5 0.03086316474761619
13 0.0954374117199337
17 0.11255541374622502
10 0.06595927643555083
9 0.09088938933281415
9 0.09990700424832699
7 0.2238471147073368
Task Set : 95
13 0.05477650527631317
17 0.13706730262702038
9 0.1494317928000538
13 0.2066733619336873
15 0.06485788674901694
14 0.07166016693278261
11 0.009630337816656176
20 0.022772040255947534
13 0.08795875668744929
17 0.1951718489210728
Task Set : 96
7 0.15893956662240885
3 0.02034860308968145
20 0.14297449951940888
15 0.09338729689503422
15 0.18641985751178675
11 0.1714363725183969
15 0.02509061212535876
10 0.010752568314443767
9 0.0011525984925521982
10 0.18949802491092824
Task Set : 97
11 0.1067493207464556
11 0.126975510124669
5 0.04969220303626665
18 0.12407272385796607
14 0.23500962266163464
5 0.07944126702213378
10 0.17707021751776528
20 0.07245323261567804
20 0.025211755558838096
16 0.0033241468585928605
Task Set : 98
18 0.07240277068415191
17 0.402307194920002
17 0.04740915345990954
19 0.03340381285177263
18 0.03936592994067423
2 0.008286819559132241
6 0.04992161104555837
11 0.10083088566376609
13 0.15024095553991795
10 0.09583086633511502
Task Set : 99
7 0.005767617005592474
19 0.09831478236314706
8 0.17552382232186836
12 0.18251230522202067
18 0.02342755893477455
4 0.17352732926646375
6 0.09514842411387137
11 0.16645223818507182
6 0.047140637623549614
19 0.03218528496364034
Task Set : 100
12 0.14007306163201416
12 0.13541649747213402
6 0.16101735388075966
12 0.2730727041391631
20 0.03896737870620204
3 0.06406311771216852
8 0.08925754652711357
4 0.03507045877004278
2 0.04162404960030407
20 0.021437831560098056
